0.000000000000 
0.000000018700 
0.000000041900 
0.000000085400 
0.000000206400 
0.000000313400 
0.000000381400 
0.000000454400 
0.000000539400 
0.000000695400 
0.000001051400 
0.000002141400 
0.000003231400 
0.000004461400 
0.000005631400 
0.000008661400 
-0.000000018700 
-0.000000041900 
-0.000000085400 
-0.000000206400 
-0.000000313400 
-0.000000381400 
-0.000000454400 
-0.000000539400 
-0.000000695400 
-0.000001051400 
-0.000002141400 
-0.000003231400 
-0.000004461400 
-0.000005631400 
-0.000008661400 





